<CoordinateSystem> { Z-up } 
  <Group> Armature {
    <Dart> { 1 }
    <Joint> bicep.l {
      <Transform> {
        <Matrix4> {
          -0.3143919110298157 -0.0008836686611175537 0.9492927193641663 0.0 
          -0.9482386708259583 0.04741173982620239 -0.3139987289905548 0.0 
          -0.04473012685775757 -0.9988750219345093 -0.01574385166168213 0.0 
          -0.4866090416908264 3.159080108616763e-07 2.351226329803467 1.0 
        }
      }
      <Joint> forearm.l {
        <Transform> {
          <Matrix4> {
            0.9910007119178772 0.13374577462673187 0.005445410963147879 0.0 
            -0.13079750537872314 0.9761986136436462 -0.1729980707168579 0.0 
            -0.028453566133975983 0.17072896659374237 0.9849070310592651 0.0 
            -7.999915396794677e-09 0.7847438454627991 -2.0954757928848267e-09 1.0 
          }
        }
      }
    }
    <Joint> bicep.r {
      <Transform> {
        <Matrix4> {
          -0.37193214893341064 0.3056737780570984 -0.8764873147010803 0.0 
          0.9256535768508911 0.051425009965896606 -0.3748611807823181 0.0 
          -0.06951192021369934 -0.9507465958595276 -0.3020746111869812 0.0 
          0.3815363049507141 3.192406552443572e-07 2.376030445098877 1.0 
        }
      }
      <Joint> forearm.r {
        <Transform> {
          <Matrix4> {
            0.8565508127212524 -0.14270849525928497 -0.4959385097026825 0.0 
            0.08617284148931503 0.987064003944397 -0.13520018756389618 0.0 
            0.508817195892334 0.07306942343711853 0.8577679991722107 0.0 
            4.842877388000488e-08 0.7235019207000732 3.725290298461914e-09 1.0 
          }
        }
      }
    }
    <Joint> bicep.l.001 {
      <Transform> {
        <Matrix4> {
          -0.09130418300628662 -0.9951146245002747 0.03755597770214081 0.0 
          -0.16608577966690063 -0.021968215703964233 -0.9858667254447937 0.0 
          0.9818753004074097 -0.09625129401683807 -0.16326864063739777 0.0 
          -0.25538817048072815 0.04757261648774147 1.5246633291244507 1.0 
        }
      }
    }
    <Joint> bicep.l.002 {
      <Transform> {
        <Matrix4> {
          -0.09186667203903198 -0.9956949353218079 0.012334577739238739 0.0 
          0.1225641593337059 -0.023599281907081604 -0.9921799898147583 0.0 
          0.9881996512413025 -0.08963649719953537 0.12420449405908585 0.0 
          0.18753564357757568 0.04757260903716087 1.4582247734069824 1.0 
        }
      }
    }
    <Joint> bicep.l.003 {
      <Transform> {
        <Matrix4> {
          0.8694232106208801 -0.4659607708454132 0.16426748037338257 0.0 
          0.042781829833984375 0.402231901884079 0.9145376682281494 0.0 
          -0.49221235513687134 -0.7880926132202148 0.369644433259964 0.0 
          -0.02627548575401306 -0.1366785168647766 1.5564205646514893 1.0 
        }
      }
      <Joint> bicep.l.004 {
        <Transform> {
          <Matrix4> {
            0.9875050783157349 -0.15632376074790955 -0.01991255022585392 0.0 
            0.15330439805984497 0.9237114191055298 0.35107704997062683 0.0 
            -0.03648824244737625 -0.34974297881126404 0.9361348152160645 0.0 
            -3.073364496231079e-08 0.40680739283561707 2.421438694000244e-08 1.0 
          }
        }
        <Joint> bicep.l.005 {
          <Transform> {
            <Matrix4> {
              0.9748444557189941 -0.2187550812959671 -0.04271422326564789 0.0 
              0.21875514090061188 0.9023157954216003 0.3714463412761688 0.0 
              -0.042714014649391174 -0.3714463710784912 0.9274712800979614 0.0 
              -3.6903657019138336e-08 0.5670981407165527 6.05359673500061e-09 1.0 
            }
          }
          <Joint> bicep.l.006 {
            <Transform> {
              <Matrix4> {
                0.9710422158241272 0.23379333317279816 -0.049170274287462234 0.0 
                -0.23379328846931458 0.8875508904457092 -0.39698120951652527 0.0 
                -0.049170468002557755 0.3969811797142029 0.9165086150169373 0.0 
                1.6763806343078613e-08 0.193891704082489 5.587935447692871e-09 1.0 
              }
            }
          }
        }
      }
    }
  }
